% Triangulation
conway
geometric_solution  11.21911773
oriented_manifold
CS_unknown

1 0
    torus   0.000000000000   0.000000000000

12
  10    3    8    1 
 1230 1230 2310 3120
   0    0    0    0 
  0  0  0  0  1  0 -1  0  1  0  0 -1  0  0  0  0
  0  0  0  0  0  0  0  0  0  0  0  0  0  0  0  0
  0  1  0 -1  3  0 -2 -1  3  0  0 -3  0  0  0  0
  0  0  0  0  0  0  0  0  0  0  0  0  0  0  0  0
  0.743805530993   0.932995103097

   0    9    4    8 
 3120 0132 2031 0132
   0    0    0    0 
  0  0  0  0  0  0  0  0  1 -1  0  0  0  0  0  0
  0  0  0  0  0  0  0  0  0  0  0  0  0  0  0  0
  0 -1  0  1  1  0  0 -1  3 -3  0  0  1 -1  0  0
  0  0  0  0  0  0  0  0  0  0  0  0  0  0  0  0
  1.097067303447   1.002290727548

   5    7    3    9 
 0132 0321 0132 1023
   0    0    0    0 
  0  0  0  0  0  0  0  0  0  0  0  0  0  0  0  0
  0  0  0  0  0  0  0  0  0  0  0  0  0  0  0  0
  0  0  0  0  0  0 -1  1  0 -1  0  1  0  0  0  0
  0  0  0  0  0  0  0  0  0  0  0  0  0  0  0  0
  0.620154084984   0.664442919927

   6   11    0    2 
 2103 2103 3012 0132
   0    0    0    0 
  0  0  0  0  0  0  0  0  0  0  0  0  1 -1  0  0
  0  0  0  0  0  0  0  0  0  0  0  0  0  0  0  0
  0  0  0  0  0  0 -1  1  0  0  0  0  2 -2  0  0
  0  0  0  0  0  0  0  0  0  0  0  0  0  0  0  0
  0.427086226995   0.584543610994

   6   11    5    1 
 3120 0321 0132 1302
   0    0    0    0 
  0  0  0  0  0  0  0  0  0  0  0  0  0  0  0  0
  0  0  0  0  0  0  0  0  0  0  0  0  0  0  0  0
  0  0  0  0  0  0  0  0  0  0  0  0  0  0  0  0
  0  0  0  0  0  0  0  0  0  0  0  0  0  0  0  0
  0.449682512238   0.934148335968

   2    9    6    4 
 0132 3012 3201 0132
   0    0    0    0 
  0  0  0  0  0  0  0  0  0  0  0  0  0  0  0  0
  0  0  0  0  0  0  0  0  0  0  0  0  0  0  0  0
  0  0  0  0  0  0  0  0  0  0  0  0  0  0  0  0
  0  0  0  0  0  0  0  0  0  0  0  0  0  0  0  0
  0.819006191394   0.496729523758

   5    8    3    4 
 2310 1023 2103 3120
   0    0    0    0 
  0  0  0  0  0  0  0  0  0  0  0  0  0  1 -1  0
  0  0  0  0  0  0  0  0  0  0  0  0  0  0  0  0
  0  0  0  0  0  0  0  0  0  0  0  0  0  2 -2  0
  0  0  0  0  0  0  0  0  0  0  0  0  0  0  0  0
  0.210368680581   1.313031711188

  11   10    8    2 
 0132 1230 0132 0321
   0    0    0    0 
  0  0  0  0  0  0  0  0  1 -1  0  0  0  0  0  0
  0  0  0  0  0  0  0  0  0  0  0  0  0  0  0  0
  0  1 -1  0 -1  0  1  0  2 -3  0  1  0  0  0  0
  0  0  0  0  0  0  0  0  0  0  0  0  0  0  0  0
  0.329123681411   1.078319325391

   6    0    1    7 
 1023 3201 0132 0132
   0    0    0    0 
  0  0  0  0  0  0  0  0  0  0  0  0 -1  1  0  0
  0  0  0  0  0  0  0  0  0  0  0  0  0  0  0  0
  0  0 -1  1  0  0  1 -1  0  0  0  0 -2  2  0  0
  0  0  0  0  0  0  0  0  0  0  0  0  0  0  0  0
  0.513045623173   0.381046936518

   5    1   10    2 
 1230 0132 0132 1023
   0    0    0    0 
  0  0  0  0  0  0  0  0  0  0  0  0  0  1 -1  0
  0  0  0  0  0  0  0  0  0  0  0  0  0  0  0  0
  0  1  0 -1  0  0  0  0  0  1  0 -1  0  3 -3  0
  0  0  0  0  0  0  0  0  0  0  0  0  0  0  0  0
  0.748578071964   1.276040029029

  11    0    7    9 
 2103 3012 3012 0132
   0    0    0    0 
  0  0  0  0  0  0  0  0  0 -1  0  1  0 -1  1  0
  0  0  0  0  0  0  0  0  0  0  0  0  0  0  0  0
  0  0  0  0  1  0 -1  0  0 -3  0  3  0 -3  3  0
  0  0  0  0  0  0  0  0  0  0  0  0  0  0  0  0
  0.360725493833   0.594557643778

   7    3   10    4 
 0132 2103 2103 0321
   0    0    0    0 
  0  0  0  0  0  0  0  0  0  0  0  0 -1  1  0  0
  0  0  0  0  0  0  0  0  0  0  0  0  0  0  0  0
  0  0  0  0  1  0 -1  0  0  0  0  0 -2  2  0  0
  0  0  0  0  0  0  0  0  0  0  0  0  0  0  0  0
  0.121045619148   0.509561804173

