% Triangulation
L209053
degenerate_solution  0.00000017
oriented_manifold
CS_unknown

2 0
    torus   0.000000000000   0.000000000000
    torus   0.000000000000   0.000000000000

7
   2    4    2    1 
 3201 0213 3201 0132
   1    0    1    0 
  0  1 -1  0 -1  0  0  1  0  1  0 -1  0  0  0  0
  0  0  0  0  0  0  0  0  0  0  0  0  0  0  0  0
  0 -3  3  0  3  0  0 -3  1 -3  0  2  0  1 -1  0
  0  0  0  0  0  0  0  0  0  0  0  0  0  0  0  0
  1.999999999674  -0.000000008712

   5    3    0    3 
 0321 0132 0132 2310
   1    0    0    1 
  0 -1  0  1  0  0 -1  1  0  0  0  0  0 -1  1  0
  0  0  0  0  0  0  0  0  0  0  0  0  0  0  0  0
  0  2  0 -2  0  0  3 -3  0  0  0  0  0  2 -2  0
  0  0  0  0  0  0  0  0  0  0  0  0  0  0  0  0
10309062.893239308149 275522552.483300507069

   0    4    3    0 
 2310 0321 0132 2310
   1    0    0    1 
  0 -1  1  0  0  0  0  0  0 -1  0  1  1 -1  0  0
  0  0  0  0  0  0  0  0  0  0  0  0  0  0  0  0
  0  3 -2 -1  1  0 -1  0  0  3  0 -3 -3  3  0  0
  0  0  0  0  0  0  0  0  0  0  0  0  0  0  0  0
  0.500000000078   0.000000002086

   1    1    4    2 
 3201 0132 0213 0132
   1    0    1    0 
  0  1  0 -1  0  0  0  0 -1  1  0  0 -1  0  1  0
  0  0  0  0  0  0  0  0  0  0  0  0  0  0  0  0
  0 -2  0  2  0  0 -1  1  2 -2  0  0  3  0 -3  0
  0  0  0  0  0  0  0  0  0  0  0  0  0  0  0  0
 -0.000000000136   0.000000003624

   6    3    0    2 
 1023 0213 0213 0321
   1    1    0    0 
  0  0 -1  1  0  0 -1  1 -1  0  0  1  1 -1  0  0
  0  0  0  0  0  0  0  0  0  0  0  0  0  0  0  0
  0  0  3 -3  0  0  3 -3  2  1  0 -3 -2  3 -1  0
  0  0  0  0  0  0  0  0  0  0  0  0  0  0  0  0
  0.999999999864   0.000000003624

   1    6    6    6 
 0321 1023 0132 0132
   1    1    0    0 
  0  0  0  0  0  0  0  0  0  0  0  0  0 -1  1  0
  0  0  0  0  0  0  0  0  0  0  0  0  0  0  0  0
  0  0  0  0  0  0  0  0  0  0  0  0  0  2 -2  0
  0  0  0  0  0  0  0  0  0  0  0  0  0  0  0  0
 -1.000000000900  -0.000000024004

   5    4    5    5 
 1023 1023 0132 0132
   1    1    0    0 
  0  0  0  0  0  0  0  0  0  1  0 -1  1 -1  0  0
  0  0  0  0  0  0  0  0  0  0  0  0  0  0  0  0
  0  0  0  0  0  0  0  0  0 -2  0  2 -2  2  0  0
  0  0  0  0  0  0  0  0  0  0  0  0  0  0  0  0
 -0.999999999855   0.000000003817

