% Triangulation
L308007
degenerate_solution  0.00000005
oriented_manifold
CS_unknown

3 0
    torus   0.000000000000   0.000000000000
    torus   0.000000000000   0.000000000000
    torus   0.000000000000   0.000000000000

5
   3    3    3    1 
 1023 0213 2103 0132
   1    1    1    0 
  0  1 -1  0  0  0  2 -2  1 -3  0  2 -1  1  0  0
  0  0  0  0  0  0  0  0  0  0  0  0  0  0  0  0
  0 -1  1  0  0  0 -1  1 -1  2  0 -1  1 -2  1  0
  0  0  0  0  0  0  0  0  0  0  0  0  0  0  0  0
  0.000000000077   0.000000005031

   4    4    0    4 
 1023 0321 0132 3120
   1    1    2    1 
  0  0  0  0  0  0  2 -2  0 -1  0  1  0  2 -2  0
  0  0  0  0  0  0  0  0  0  0  0  0  0  0  0  0
  0  0  0  0  0  0 -1  1 -1  2  0 -1  0 -1  1  0
  0  0  0  0  0  0  0  0  0  0  0  0  0  0  0  0
-3032341.232130893506 198710457.980342239141

   2    2    3    4 
 1023 1023 0132 0132
   1    1    1    1 
  0  1 -1  0 -1  0  1  0  0  0  0  0  0  0  0  0
  0  0  0  0  0  0  0  0  0  0  0  0  0  0  0  0
  0 -1  1  0  1  0 -1  0  0  0  0  0  0  0  0  0
  0  0  0  0  0  0  0  0  0  0  0  0  0  0  0  0
  0.999999998611  -0.000000018778

   0    0    0    2 
 2103 1023 0213 0132
   1    1    1    0 
  0  0 -1  1 -2  0  3 -1  1 -1  0  0  0  1 -1  0
  0  0  0  0  0  0  0  0  0  0  0  0  0  0  0  0
  0  0  1 -1  1  0 -2  1 -1  1  0  0 -1 -1  2  0
  0  0  0  0  0  0  0  0  0  0  0  0  0  0  0  0
  1.000000000077   0.000000005031

   1    1    2    1 
 3120 1023 0132 0321
   1    1    2    1 
  0  0  0  0  2  0  0 -2 -1  0  0  1  0  0  0  0
  0  0  0  0  0  0  0  0  0  0  0  0  0  0  0  0
  0  0  0  0 -1  0  0  1  1  1  0 -2  0  0  0  0
  0  0  0  0  0  0  0  0  0  0  0  0  0  0  0  0
  1.000000000077   0.000000005031

