% Triangulation
L310070
degenerate_solution  0.00000005
oriented_manifold
CS_unknown

3 0
    torus   0.000000000000  -0.000000000000
    torus   0.000000000000  -0.000000000000
    torus   0.000000000000  -0.000000000000

5
   4    3    0    0 
 2310 0213 0132 0132
   0    0    0    0 
  0  0  0  0  0  0  0  0 -1 -1  0  2  2  0 -2  0
  0  0  0  0  0  0  0  0  0  0  0  0  0  0  0  0
  0  0  0  0  0  0  0  0  2  3  0 -5 -5  0  5  0
  0  0  0  0  0  0  0  0  0  0  0  0  0  0  0  0
  0.999999998318  -0.000000050412

   4    2    4    4 
 0213 2310 1230 3201
   0    1    0    0 
  0  0  2 -2  0  0 -1  1 -1  1  0  0  2  0 -2  0
  0  0  0  0  0  0  0  0  0  0  0  0  0  0  0  0
  0  0 -5  5  1  0  3 -4  3 -3  0  0 -5  0  5  0
  0  0  0  0  0  0  0  0  0  0  0  0  0  0  0  0
-2405100.767752237618 79239905.760077416897

   3    3    3    1 
 1302 3012 0132 3201
   0    0    0    2 
  0  0  0  0  0  0  1 -1  0  0  0  0  2  3 -5  0
  0  0  0  0  0  0  0  0  0  0  0  0  0  0  0  0
  0  0  0  0  0  0 -3  3  0  0  0  0 -1 -1  2  0
  0  0  0  0  0  0  0  0  0  0  0  0  0  0  0  0
  0.000000000383   0.000000012608

   2    2    0    2 
 1230 2031 0213 0132
   0    0    2    0 
  0  0  0  0  0  0  1 -1 -3 -2  0  5  0  0  0  0
  0  0  0  0  0  0  0  0  0  0  0  0  0  0  0  0
  0  0  0  0  0  0 -3  3  1  1  0 -2  0  0  0  0
  0  0  0  0  0  0  0  0  0  0  0  0  0  0  0  0
  0.000000000383   0.000000012608

   1    1    0    1 
 0213 2310 3201 3012
   0    0    1    0 
  0  0 -2  2  1  0  1 -2  0 -1  0  1 -2  2  0  0
  0  0  0  0  0  0  0  0  0  0  0  0  0  0  0  0
  0  0  5 -5 -3  0 -2  5 -1  4  0 -3  5 -5  0  0
  0  0  0  0  0  0  0  0  0  0  0  0  0  0  0  0
  1.000000000383   0.000000012608

