% Triangulation
L410016
degenerate_solution  5.33348966
oriented_manifold
CS_unknown

4 0
    torus   0.000000000000   0.000000000000
    torus   0.000000000000   0.000000000000
    torus   0.000000000000   0.000000000000
    torus   0.000000000000   0.000000000000

10
   1    3    2    5 
 3012 1023 3012 1230
   1    0    1    2 
  0  0  0  0  1  0  0 -1  0  1  0 -1  2 -1 -1  0
  0  0  0  0  0  0  0  0  0  0  0  0  0  0  0  0
  0  0  0  0 -1  0  1  0  0  1  0 -1  1  0 -1  0
  0  0  0  0  0  0  0  0  0  0  0  0  0  0  0  0
 -0.000000000000   0.000000003104

   2    3    2    0 
 0321 0132 0321 1230
   0    1    2    1 
  0  0  1 -1  0  0  0  0  1  1  0 -2  0  0  0  0
  0  0  0  0  0  0  0  0  0  0  0  0  0  0  0  0
  0  0 -1  1  0  0  0  0  1  0  0 -1  0  0  0  0
  0  0  0  0  0  0  0  0  0  0  0  0  0  0  0  0
  2.000000000498   0.000000000962

   1    0    1    3 
 0321 1230 0321 0132
   0    1    2    1 
  0  0 -1  1  0  0  0  0 -1  1  0  0  0  0  0  0
  0  0  0  0  0  0  0  0  0  0  0  0  0  0  0  0
  0 -1  1  0  0  0  0  0 -1  1  0  0  0  0  0  0
  0  0  0  0  0  0  0  0  0  0  0  0  0  0  0  0
  1.999999999502  -0.000000000955

   0    1    2    7 
 1023 0132 0132 3012
   0    1    1    2 
  0  0 -1  1  0  0  0  0 -1  0  0  1  1 -1  0  0
  0  0  0  0  0  0  0  0  0  0  0  0  0  0  0  0
  0  0  0  0  0  0  0  0 -1  0  0  1  0  0  0  0
  0  0  0  0  0  0  0  0  0  0  0  0  0  0  0  0
10807.924074307512 322154801.215991258621

   6    8    8    5 
 3012 0213 2103 0132
   1    1    1    3 
  0  0  1 -1  0  0  0  0 -1 -1  0  2  0  1 -1  0
  0  0  0  0  0  0  0  0  0  0  0  0  0  0  0  0
  0  0  1 -1  0  0  0  0 -2 -1  0  3 -1  2 -1  0
  0  0  0  0  0  0  0  0  0  0  0  0  0  0  0  0
  0.749999999999   0.661437827766

   0    7    4    7 
 3012 0132 0132 1230
   1    1    0    1 
  0  0  1 -1  0  0  0  0  1 -1  0  0  1  1 -2  0
  0  0  0  0  0  0  0  0  0  0  0  0  0  0  0  0
  0  0  1 -1  0  0  0  0  0  0  0  0  1  2 -3  0
  0  0  0  0  0  0  0  0  0  0  0  0  0  0  0  0
  1.249999999005   0.661437828143

   9    9    7    4 
 1023 0321 0132 1230
   1    1    3    1 
  0  0  0  0 -1  0  0  1  0  0  0  0  1  0 -1  0
  0  0  0  0  0  0  0  0  0  0  0  0  0  0  0  0
  0  0  0  0 -2  0  0  2  0 -1  0  1  2  0 -2  0
  0  0  0  0  0  0  0  0  0  0  0  0  0  0  0  0
  0.250000000000   0.661437827767

   5    5    3    6 
 3012 0132 1230 0132
   1    1    1    0 
  0  0  0  0  1  0 -1  0  0 -1  0  1  0  1 -1  0
  0  0  0  0  0  0  0  0  0  0  0  0  0  0  0  0
  0  0  0  0  1  0 -1  0  0 -2  0  2  0  0  0  0
  0  0  0  0  0  0  0  0  0  0  0  0  0  0  0  0
 -0.500000001986   1.322875654781

   4    9    4    9 
 2103 3012 0213 0132
   1    1    1    3 
  0 -1  0  1  0  0  1 -1 -1  1  0  0  1  0 -1  0
  0  0  0  0  0  0  0  0  0  0  0  0  0  0  0  0
  0 -2  0  2  0  0  1 -1 -1  1  0  0  1  1 -2  0
  0  0  0  0  0  0  0  0  0  0  0  0  0  0  0  0
  0.500000000001   1.322875655531

   8    6    8    6 
 1230 1023 0132 0321
   1    1    3    1 
  0  1 -1  0 -1  0  1  0  0  0  0  0  1 -1  0  0
  0  0  0  0  0  0  0  0  0  0  0  0  0  0  0  0
  0  2 -2  0 -1  0  1  0 -1  0  0  1  2 -2  0  0
  0  0  0  0  0  0  0  0  0  0  0  0  0  0  0  0
  0.500000000001   1.322875655531

