% Triangulation
tr7.0
geometric_solution  19.79685462
oriented_manifold
CS_known 0.1775710669199369

7 0
    torus   0.000000000000   0.000000000000
    torus   0.000000000000   0.000000000000
    torus   0.000000000000   0.000000000000
    torus   0.000000000000   0.000000000000
    torus   0.000000000000   0.000000000000
    torus   0.000000000000   0.000000000000
    torus   0.000000000000   0.000000000000

21
  16   18    1    3 
 1230 0321 0213 0321
   1    6    0    4 
  0 -1  0  1  0  0  0  0  1 -1  0  0 -1  1  0  0
  0  0  0  0  0  0  0  0  0  0  0  0  0  0  0  0
  0 -1  1  0  0  0 -1  1  0 -1  0  1 -1  0  1  0
  0  0  0  0  0  0  0  0  0  0  0  0  0  0  0  0
  0.662358978622   0.562279512062

   7    0   14   10 
 1230 0213 0213 2310
   1    5    6    4 
  0  0  0  0  1  0 -1  0 -1  0  0  1  0  0  0  0
  0  0  0  0  0  0  0  0  0  0  0  0  0  0  0  0
  0 -1  0  1  1  0  0 -1 -1  1  0  0  0 -1  1  0
  0  0  0  0  0  0  0  0  0  0  0  0  0  0  0  0
  0.122561166877   0.744861766620

  13    4   11    3 
 3120 0321 2103 3120
   6    2    0    5 
  0  0 -1  1 -1  0  0  1  0  0  0  0  0  0  0  0
  0  0  0  0  0  0  0  0  0  0  0  0  0  0  0  0
  0  0  0  0  0  0 -1  1  1  0  0 -1 -1  0  1  0
  0  0  0  0  0  0  0  0  0  0  0  0  0  0  0  0
  0.122561166877   0.744861766620

   2    0    6   12 
 3120 0321 3120 3120
   1    2    0    6 
  0 -1  0  1 -1  0  0  1  0  0  0  0 -1  0  1  0
  0  0  0  0  0  0  0  0  0  0  0  0  0  0  0  0
  0  0  0  0 -1  0  0  1  1 -1  0  0  0 -1  1  0
  0  0  0  0  0  0  0  0  0  0  0  0  0  0  0  0
  0.122561166877   0.744861766620

  19    5    6    2 
 2103 1023 0213 0321
   6    5    0    1 
  0  0  0  0  0  0  0  0  0  0  0  0  0  0  0  0
  0  0  0  0  0  0  0  0  0  0  0  0  0  0  0  0
  0  0  0  0  0  0  0  0  0  0  0  0  0  0  0  0
  0  0  0  0  0  0  0  0  0  0  0  0  0  0  0  0
  0.662358978622   0.562279512062

   4   18   10   16 
 1023 3120 0132 1230
   3    6    0    1 
  0  0  1 -1  0  0  0  0  0  1  0 -1  0  1 -1  0
  0  0  0  0  0  0  0  0  0  0  0  0  0  0  0  0
  0  1  0 -1  0  0  0  0  0  0  0  0  0  1 -1  0
  0  0  0  0  0  0  0  0  0  0  0  0  0  0  0  0
  0.122561166877   0.744861766620

  14    4    3    7 
 3120 0213 3120 3120
   6    2    5    1 
  0  0 -1  1  0  0  0  0  1  0  0 -1  0  0  0  0
  0  0  0  0  0  0  0  0  0  0  0  0  0  0  0  0
  0  0 -1  1  0  0  0  0  1  0  0 -1  0  0  0  0
  0  0  0  0  0  0  0  0  0  0  0  0  0  0  0  0
  0.784920145499   1.307141278682

   6    1    8    9 
 3120 3012 0132 3120
   4    2    5    6 
  0  0  0  0  0  0  0  0  1 -1  0  0 -1  1  0  0
  0  0  0  0  0  0  0  0  0  0  0  0  0  0  0  0
  0  0  0  0  0  0  0  0  1 -1  0  0 -1  1  0  0
  0  0  0  0  0  0  0  0  0  0  0  0  0  0  0  0
  0.662358978622   0.562279512062

  11   16   15    7 
 3120 0321 2103 0132
   4    2    6    3 
  0  0  0  0  0  0  0  0  0  0  0  0  0  0  0  0
  0  0  0  0  0  0  0  0  0  0  0  0  0  0  0  0
  0  0  0  0  1  0 -1  0  0  0  0  0  0  1 -1  0
  0  0  0  0  0  0  0  0  0  0  0  0  0  0  0  0
  0.784920145499   1.307141278682

   7   20   17   11 
 3120 2031 2310 0132
   3    2    5    4 
  0  1  0 -1  0  0  0  0  0  0  0  0  0  1 -1  0
  0  0  0  0  0  0  0  0  0  0  0  0  0  0  0  0
  0  0  0  0  0  0  0  0  0  0  0  0  0  0  0  0
  0  0  0  0  0  0  0  0  0  0  0  0  0  0  0  0
  0.784920145499   1.307141278682

   1   19   11    5 
 3201 2031 0213 0132
   3    6    1    5 
  0  0  1 -1 -1  0  1  0  0 -1  0  1  0  0  0  0
  0  0  0  0  0  0  0  0  0  0  0  0  0  0  0  0
  0  0  0  0  0  0  0  0 -1  0  0  1  1  0 -1  0
  0  0  0  0  0  0  0  0  0  0  0  0  0  0  0  0
  0.122561166877   0.744861766620

   2   10    9    8 
 2103 0213 0132 3120
   3    2    6    5 
  0 -1  1  0  0  0  0  0  1 -1  0  0  0  0  0  0
  0  0  0  0  0  0  0  0  0  0  0  0  0  0  0  0
  0  0  0  0  1  0  0 -1  0  0  0  0 -1  1  0  0
  0  0  0  0  0  0  0  0  0  0  0  0  0  0  0  0
  0.662358978622   0.562279512062

   3   19   15   17 
 3120 2103 3120 2310
   3    2    0    1 
  0  0  0  0 -1  0  1  0  0  0  0  0 -1  1  0  0
  0  0  0  0  0  0  0  0  0  0  0  0  0  0  0  0
  0  0  0  0 -1  0  1  0  0  0  0  0  0  0  0  0
  0  0  0  0  0  0  0  0  0  0  0  0  0  0  0  0
  0.662358978622   0.562279512062

  17   20   14    2 
 2310 3201 2103 3120
   5    2    0    4 
  0  0  0  0  0  0 -1  1  0  0  0  0  0  0  0  0
  0  0  0  0  0  0  0  0  0  0  0  0  0  0  0  0
  0  0 -1  1  0  0  0  0  1  0  0 -1  0  1 -1  0
  0  0  0  0  0  0  0  0  0  0  0  0  0  0  0  0
  0.662358978622   0.562279512062

  13    1   15    6 
 2103 0213 0132 3120
   1    2    5    4 
  0  0  0  0  1  0 -1  0  0  1  0 -1  0  0  0  0
  0  0  0  0  0  0  0  0  0  0  0  0  0  0  0  0
  0  0  0  0  0  0  0  0  1  0  0 -1  1 -1  0  0
  0  0  0  0  0  0  0  0  0  0  0  0  0  0  0  0
  0.122561166877   0.744861766620

   8   18   12   14 
 2103 0213 3120 0132
   1    2    4    3 
  0  0  0  0  0  0 -1  1  0  0  0  0  0  0  0  0
  0  0  0  0  0  0  0  0  0  0  0  0  0  0  0  0
  0  0  0  0  1  0 -1  0  0  0  0  0  1 -1  0  0
  0  0  0  0  0  0  0  0  0  0  0  0  0  0  0  0
  0.784920145499   1.307141278682

   5    0   20    8 
 3012 3012 1230 0321
   4    3    6    0 
  0  1 -1  0  1  0 -1  0  0  0  0  0  1 -1  0  0
  0  0  0  0  0  0  0  0  0  0  0  0  0  0  0  0
  0  1 -1  0  1  0  0 -1  0  0  0  0  0  0  0  0
  0  0  0  0  0  0  0  0  0  0  0  0  0  0  0  0
  0.662358978622   0.562279512062

  12    9   13   18 
 3201 3201 3201 1230
   4    0    3    2 
  0  1  0 -1  0  0  0  0  0  0  0  0  0  0  0  0
  0  0  0  0  0  0  0  0  0  0  0  0  0  0  0  0
  0  0  0  0  0  0 -1  1  0  0  0  0  0  0  0  0
  0  0  0  0  0  0  0  0  0  0  0  0  0  0  0  0
  0.784920145499   1.307141278682

  17    5   15    0 
 3012 3120 0213 0321
   1    4    0    3 
  0 -1  0  1  1  0  0 -1  0 -1  0  1  0  0  0  0
  0  0  0  0  0  0  0  0  0  0  0  0  0  0  0  0
  0 -1  0  1  0  0  0  0 -1  0  0  1  0 -1  1  0
  0  0  0  0  0  0  0  0  0  0  0  0  0  0  0  0
  0.122561166877   0.744861766620

  10   12    4   20 
 1302 2103 2103 0321
   0    5    3    1 
  0  0  0  0  0  0  0  0  0  0  0  0  1 -1  0  0
  0  0  0  0  0  0  0  0  0  0  0  0  0  0  0  0
  0  0  0  0  0  0  0  0  0  0  0  0  0  0  0  0
  0  0  0  0  0  0  0  0  0  0  0  0  0  0  0  0
  0.122561166877   0.744861766620

   9   19   13   16 
 1302 0321 2310 3012
   0    4    3    5 
  0  0  0  0 -1  0  0  1 -1  0  0  1  0  0  0  0
  0  0  0  0  0  0  0  0  0  0  0  0  0  0  0  0
  0  0  0  0  0  0 -1  1  0  0  0  0  0  0  0  0
  0  0  0  0  0  0  0  0  0  0  0  0  0  0  0  0
  0.122561166877   0.744861766620

